66763972993	125855	69.0	0	0	0	0	0	0	0	0	0	0	295	3703	4043	4495	4835	4905	4905	4905
66763972994	125855	99.0	0	0	0	0	0	0	0	0	0	0	24	1013	0	0	0	2042	2042	2042
68152472715	125855	59.0	0	0	0	0	0	0	0	0	0	0	0	0	0	0	0	334	423	551
10020537054987	125855	708.0	0	0	0	0	0	0	0	0	0	0	0	0	0	0	0	5	158	338
65961273614	125855	69.0	0	0	0	0	0	0	0	0	0	0	0	0	0	0	0	868	980	1232
65961355522	125855	708.0	0	0	0	0	0	0	0	0	0	0	0	0	0	0	0	106	106	106
71424532084	125855	499.0	0	0	0	0	0	0	0	0	0	0	0	0	0	0	0	8	13	23
70936063636	125855	59.0	0	0	0	0	0	0	0	0	0	0	0	0	0	0	0	139	167	241
65959006654	125855	708.0	0	0	0	0	0	0	0	0	0	0	0	0	0	0	0	53	63	90
65961355521	125855	59.0	0	0	0	0	0	0	0	0	0	0	0	0	0	0	0	843	987	1281
72102143272	125855	79.0	0	0	0	0	0	0	0	0	0	0	0	0	0	0	0	124	354	795
65961411678	125855	708.0	0	0	0	0	0	0	0	0	0	0	0	0	0	0	0	113	136	136
65959598451	125855	59.0	0	0	0	0	0	0	0	0	0	0	0	0	0	0	0	1197	1357	1613
71845282882	125855	468.0	0	0	0	0	0	0	0	0	0	0	0	0	0	0	0	4	5	7
72102143271	125855	59.0	0	0	0	0	0	0	0	0	0	0	0	0	0	0	0	951	2316	4548
65959155258	125855	59.0	0	0	0	0	0	0	0	0	0	0	0	0	0	0	0	134	210	254
71770767197	125855	69.0	0	0	0	0	0	0	0	0	0	0	0	0	0	0	0	253	377	491
70065237962	125855	269.0	0	0	0	0	0	0	0	0	0	0	0	0	0	0	0	3268	5439	8109
67001408454	125855	708.0	0	0	0	0	0	0	0	0	0	0	0	0	0	0	0	44	51	55
67980044827	125855	59.0	0	0	0	0	0	0	0	0	0	0	0	0	0	0	0	360	393	685
68172646454	125855	59.0	0	0	0	0	0	0	0	0	0	0	0	0	0	0	0	332	926	1198
69813219595	125855	99.0	0	0	0	0	0	0	0	0	0	0	0	0	0	0	0	145	180	306
65960523164	125855	59.0	0	0	0	0	0	0	0	0	0	0	0	0	0	0	0	633	702	844
70196142298	125855	69.0	0	0	0	0	0	0	0	0	0	0	0	0	0	0	0	330	460	616
72321616248	125855	199.0	0	0	0	0	0	0	0	0	0	0	0	0	0	0	0	78	129	138
71770767198	125855	621.0	0	0	0	0	0	0	0	0	0	0	0	0	0	0	0	66	87	122
65957521870	125855	59.0	0	0	0	0	0	0	0	0	0	0	0	0	0	0	0	731	795	913
69677938145	125855	59.0	0	0	0	0	0	0	0	0	0	0	0	0	0	0	0	1036	1160	1465
67626605109	125855	708.0	0	0	0	0	0	0	0	0	0	0	0	0	0	0	0	321	345	376
69813219597	125855	39.0	0	0	0	0	0	0	0	0	0	0	0	0	0	0	0	218	317	426
65960611422	125855	59.0	0	0	0	0	0	0	0	0	0	0	0	0	0	0	0	1304	1687	2031
67979947563	125855	29.0	0	0	0	0	0	0	0	0	0	0	0	0	0	0	0	59	80	129
71423297938	125855	299.0	0	0	0	0	0	0	0	0	0	0	0	0	0	0	0	54	137	283
65960929700	125855	708.0	0	0	0	0	0	0	0	0	0	0	0	0	0	0	0	113	121	147
71769946325	125855	59.0	0	0	0	0	0	0	0	0	0	0	0	0	0	0	0	116	211	279
71218619902	125855	39.0	0	0	0	0	0	0	0	0	0	0	0	0	0	0	0	718	1339	2917
67979412508	125855	39.0	0	0	0	0	0	0	0	0	0	0	0	0	0	0	0	103	132	186
65961011521	125855	59.0	0	0	0	0	0	0	0	0	0	0	0	0	0	0	0	443	523	588
69680455264	125855	89.0	0	0	0	0	0	0	0	0	0	0	0	0	0	0	0	13	20	49
72102143273	125855	99.0	0	0	0	0	0	0	0	0	0	0	0	0	0	0	0	90	285	602
65958251826	125855	59.0	0	0	0	0	0	0	0	0	0	0	0	0	0	0	0	954	1087	1379
71425964287	125855	59.0	0	0	0	0	0	0	0	0	0	0	0	0	0	0	0	41	48	56
71425964288	125855	708.0	0	0	0	0	0	0	0	0	0	0	0	0	0	0	0	14	14	17
67466094448	125855	129.0	0	0	0	0	0	0	0	0	0	0	0	0	0	0	0	11	13	15
67466651374	125855	129.0	0	0	0	0	0	0	0	0	0	0	0	0	0	0	0	44	54	64
69922368548	125855	828.0	0	0	0	0	0	0	0	0	0	0	0	0	0	0	0	370	447	597
69813219594	125855	99.0	0	0	0	0	0	0	0	0	0	0	0	0	0	0	0	154	198	344
65959915591	125855	49.0	0	0	0	0	0	0	0	0	0	0	0	0	0	0	0	382	441	1153
70924071355	125855	708.0	0	0	0	0	0	0	0	0	0	0	0	0	0	0	0	54	60	69
70196648327	125855	59.0	0	0	0	0	0	0	0	0	0	0	0	0	0	0	0	3955	4860	5799
67979038727	125855	29.0	0	0	0	0	0	0	0	0	0	0	0	0	0	0	0	316	396	579
67718049444	125855	708.0	0	0	0	0	0	0	0	0	0	0	0	0	0	0	0	73	93	165
65894703901	125855	59.0	0	0	0	0	0	0	0	0	0	0	0	0	0	0	0	1810	2003	2186
70472160472	125855	79.0	0	0	0	0	0	0	0	0	0	0	0	0	0	0	0	698	904	1466
69666083677	125855	59.0	0	0	0	0	0	0	0	0	0	0	0	0	0	0	0	586	846	1267
70222148085	125855	89.0	0	0	0	0	0	0	0	0	0	0	0	0	0	0	0	5	9	280
65960523165	125855	708.0	0	0	0	0	0	0	0	0	0	0	0	0	0	0	0	66	85	100
72245999764	125855	59.0	0	0	0	0	0	0	0	0	0	0	0	0	0	0	0	2335	2351	4560
71845209751	125855	39.0	0	0	0	0	0	0	0	0	0	0	0	0	0	0	0	27	111	211
67831035659	125855	59.0	0	0	0	0	0	0	0	0	0	0	0	0	0	0	0	629	664	786
69861459643	125855	59.0	0	0	0	0	0	0	0	0	0	0	0	0	0	0	0	52	76	111
10020569155212	125855	59.0	0	0	0	0	0	0	0	0	0	0	0	0	0	0	0	11	399	933
68152472716	125855	708.0	0	0	0	0	0	0	0	0	0	0	0	0	0	0	0	46	55	69
72365993063	125855	29.0	0	0	0	0	0	0	0	0	0	0	0	0	0	0	0	2	16	20
67979741419	125855	39.0	0	0	0	0	0	0	0	0	0	0	0	0	0	0	0	1263	1708	2640
69081382290	125855	708.0	0	0	0	0	0	0	0	0	0	0	0	0	0	0	0	353	375	434
71424532083	125855	499.0	0	0	0	0	0	0	0	0	0	0	0	0	0	0	0	10	27	40
69081525851	125855	708.0	0	0	0	0	0	0	0	0	0	0	0	0	0	0	0	181	223	295
67831035660	125855	708.0	0	0	0	0	0	0	0	0	0	0	0	0	0	0	0	84	88	98
67001093877	125855	354.0	0	0	0	0	0	0	0	0	0	0	0	0	0	0	0	618	728	830
65958516051	125855	59.0	0	0	0	0	0	0	0	0	0	0	0	0	0	0	0	13478	14611	17152
69666369661	125855	29.0	0	0	0	0	0	0	0	0	0	0	0	0	0	0	0	57	67	78
65959711935	125855	708.0	0	0	0	0	0	0	0	0	0	0	0	0	0	0	0	90	103	113
71232770195	125855	99.0	0	0	0	0	0	0	0	0	0	0	0	0	0	0	0	1244	1943	3036
70687985950	125855	59.0	0	0	0	0	0	0	0	0	0	0	0	0	0	0	0	84	98	129
71424532082	125855	499.0	0	0	0	0	0	0	0	0	0	0	0	0	0	0	0	26	44	70
69027071692	125855	59.0	0	0	0	0	0	0	0	0	0	0	0	0	0	0	0	2374	2701	3342
70472160473	125855	632.0	0	0	0	0	0	0	0	0	0	0	0	0	0	0	0	204	335	494
69813219593	125855	99.0	0	0	0	0	0	0	0	0	0	0	0	0	0	0	0	138	211	307
69665258287	125855	79.0	0	0	0	0	0	0	0	0	0	0	0	0	0	0	0	227	283	283
65960929699	125855	59.0	0	0	0	0	0	0	0	0	0	0	0	0	0	0	0	1902	2097	2243
70196648328	125855	708.0	0	0	0	0	0	0	0	0	0	0	0	0	0	0	0	902	902	902
69677938146	125855	708.0	0	0	0	0	0	0	0	0	0	0	0	0	0	0	0	170	190	233
65959476890	125855	59.0	0	0	0	0	0	0	0	0	0	0	0	0	0	0	0	1074	1194	1494
69813219596	125855	99.0	0	0	0	0	0	0	0	0	0	0	0	0	0	0	0	144	201	336
70924071354	125855	59.0	0	0	0	0	0	0	0	0	0	0	0	0	0	0	0	176	202	254
72245445508	125855	59.0	0	0	0	0	0	0	0	0	0	0	0	0	0	0	0	98	134	161
65959598452	125855	708.0	0	0	0	0	0	0	0	0	0	0	0	0	0	0	0	109	120	132
65959155259	125855	708.0	0	0	0	0	0	0	0	0	0	0	0	0	0	0	0	8	8	8
70196142299	125855	621.0	0	0	0	0	0	0	0	0	0	0	0	0	0	0	0	73	96	124
72492979027	125855	708.0	0	0	0	0	0	0	0	0	0	0	0	0	0	0	0	58	91	180
67979741420	125855	39.0	0	0	0	0	0	0	0	0	0	0	0	0	0	0	0	649	745	1002
67716893178	125855	708.0	0	0	0	0	0	0	0	0	0	0	0	0	0	0	0	78	82	86
65975825525	125855	708.0	0	0	0	0	0	0	0	0	0	0	0	0	0	0	0	229	244	304
72493461103	125855	708.0	0	0	0	0	0	0	0	0	0	0	0	0	0	0	0	15	31	59
65894703902	125855	708.0	0	0	0	0	0	0	0	0	0	0	0	0	0	0	0	150	173	200
65960611423	125855	708.0	0	0	0	0	0	0	0	0	0	0	0	0	0	0	0	174	177	177
71771001068	125855	79.0	0	0	0	0	0	0	0	0	0	0	0	0	0	0	0	483	740	1028
67001408453	125855	59.0	0	0	0	0	0	0	0	0	0	0	0	0	0	0	0	667	693	793
10020537054986	125855	59.0	0	0	0	0	0	0	0	0	0	0	0	0	0	0	0	760	964	2404
65961273615	125855	828.0	0	0	0	0	0	0	0	0	0	0	0	0	0	0	0	100	123	145
71771001069	125855	711.0	0	0	0	0	0	0	0	0	0	0	0	0	0	0	0	101	130	203
65960814183	125855	59.0	0	0	0	0	0	0	0	0	0	0	0	0	0	0	0	1310	1575	1901
72492979026	125855	59.0	0	0	0	0	0	0	0	0	0	0	0	0	0	0	0	65	150	529
70912422797	125855	39.0	0	0	0	0	0	0	0	0	0	0	0	0	0	0	0	297	382	667
67979412509	125855	39.0	0	0	0	0	0	0	0	0	0	0	0	0	0	0	0	155	186	238
69813219590	125855	99.0	0	0	0	0	0	0	0	0	0	0	0	0	0	0	0	204	274	374
71844764191	125855	59.0	0	0	0	0	0	0	0	0	0	0	0	0	0	0	0	98	126	155
69131118765	125855	59.0	0	0	0	0	0	0	0	0	0	0	0	0	0	0	0	66	71	107
10020567834763	125855	621.0	0	0	0	0	0	0	0	0	0	0	0	0	0	0	0	15	47	84
65957886862	125855	59.0	0	0	0	0	0	0	0	0	0	0	0	0	0	0	0	71	74	86
71733794035	125855	59.0	0	0	0	0	0	0	0	0	0	0	0	0	0	0	0	40	63	81
72321616247	125855	199.0	0	0	0	0	0	0	0	0	0	0	0	0	0	0	0	87	119	155
65961011522	125855	708.0	0	0	0	0	0	0	0	0	0	0	0	0	0	0	0	54	67	80
71733938351	125855	39.0	0	0	0	0	0	0	0	0	0	0	0	0	0	0	0	114	255	558
65958251827	125855	708.0	0	0	0	0	0	0	0	0	0	0	0	0	0	0	0	78	89	129
69666781256	125855	19.0	0	0	0	0	0	0	0	0	0	0	0	0	0	0	0	241	283	348
71424959067	125855	708.0	0	0	0	0	0	0	0	0	0	0	0	0	0	0	0	46	53	79
68172646455	125855	708.0	0	0	0	0	0	0	0	0	0	0	0	0	0	0	0	60	64	87
69933224764	125855	29.0	0	0	0	0	0	0	0	0	0	0	0	0	0	0	0	157	210	303
69861459644	125855	708.0	0	0	0	0	0	0	0	0	0	0	0	0	0	0	0	11	11	11
65960814184	125855	708.0	0	0	0	0	0	0	0	0	0	0	0	0	0	0	0	134	164	192
65959251491	125855	708.0	0	0	0	0	0	0	0	0	0	0	0	0	0	0	0	168	169	170
10020567322623	125855	29.0	0	0	0	0	0	0	0	0	0	0	0	0	0	0	0	13	139	292
10020604356013	125855	828.0	0	0	0	0	0	0	0	0	0	0	0	0	0	0	0	202	228	417
67263750128	125855	59.0	0	0	0	0	0	0	0	0	0	0	0	0	0	0	0	773	826	951
10020604356012	125855	69.0	0	0	0	0	0	0	0	0	0	0	0	0	0	0	0	258	481	1989
65959915592	125855	588.0	0	0	0	0	0	0	0	0	0	0	0	0	0	0	0	46	52	62
72493461102	125855	59.0	0	0	0	0	0	0	0	0	0	0	0	0	0	0	0	82	183	283
67466094449	125855	129.0	0	0	0	0	0	0	0	0	0	0	0	0	0	0	0	11	12	12
10020569155213	125855	708.0	0	0	0	0	0	0	0	0	0	0	0	0	0	0	0	9	138	144
67626605108	125855	59.0	0	0	0	0	0	0	0	0	0	0	0	0	0	0	0	2672	3408	3754
70936063637	125855	708.0	0	0	0	0	0	0	0	0	0	0	0	0	0	0	0	32	45	61
68172339538	125855	59.0	0	0	0	0	0	0	0	0	0	0	0	0	0	0	0	2255	2539	3067
65961411677	125855	59.0	0	0	0	0	0	0	0	0	0	0	0	0	0	0	0	579	659	852
67716893177	125855	59.0	0	0	0	0	0	0	0	0	0	0	0	0	0	0	0	434	456	483
71845209752	125855	468.0	0	0	0	0	0	0	0	0	0	0	0	0	0	0	0	10	13	17
68510606576	125855	119.0	0	0	0	0	0	0	0	0	0	0	0	0	0	0	0	637	747	905
65961163131	125855	59.0	0	0	0	0	0	0	0	0	0	0	0	0	0	0	0	382	404	436
65960434210	125855	59.0	0	0	0	0	0	0	0	0	0	0	0	0	0	0	0	931	1045	1192
70222058160	125855	29.0	0	0	0	0	0	0	0	0	0	0	0	0	0	0	0	38	50	70
65959476891	125855	708.0	0	0	0	0	0	0	0	0	0	0	0	0	0	0	0	65	71	104
71219885991	125855	79.0	0	0	0	0	0	0	0	0	0	0	0	0	0	0	0	55	86	182
65958905391	125855	59.0	0	0	0	0	0	0	0	0	0	0	0	0	0	0	0	383	637	1386
68172339539	125855	708.0	0	0	0	0	0	0	0	0	0	0	0	0	0	0	0	388	467	506
65958516052	125855	708.0	0	0	0	0	0	0	0	0	0	0	0	0	0	0	0	918	1062	1352
65957886863	125855	708.0	0	0	0	0	0	0	0	0	0	0	0	0	0	0	0	2	4	4
65958905392	125855	708.0	0	0	0	0	0	0	0	0	0	0	0	0	0	0	0	35	41	52
65960094686	125855	708.0	0	0	0	0	0	0	0	0	0	0	0	0	0	0	0	79	91	113
69666083678	125855	708.0	0	0	0	0	0	0	0	0	0	0	0	0	0	0	0	167	195	282
65957521871	125855	708.0	0	0	0	0	0	0	0	0	0	0	0	0	0	0	0	71	84	99
70468647558	125855	708.0	0	0	0	0	0	0	0	0	0	0	0	0	0	0	0	17	21	28
71844764192	125855	708.0	0	0	0	0	0	0	0	0	0	0	0	0	0	0	0	21	23	32
65959711934	125855	59.0	0	0	0	0	0	0	0	0	0	0	0	0	0	0	0	873	912	1024
71424959066	125855	59.0	0	0	0	0	0	0	0	0	0	0	0	0	0	0	0	161	267	334
70468647557	125855	59.0	0	0	0	0	0	0	0	0	0	0	0	0	0	0	0	77	98	117
69131118766	125855	708.0	0	0	0	0	0	0	0	0	0	0	0	0	0	0	0	4	4	4
68628878110	125855	39.0	0	0	0	0	0	0	0	0	0	0	0	0	0	0	0	211	247	301
70687985951	125855	472.0	0	0	0	0	0	0	0	0	0	0	0	0	0	0	0	31	41	46
65835896399	125855	59.0	0	0	0	0	0	0	0	0	0	0	0	0	0	0	0	3040	3227	3742
67979169750	125855	59.0	0	0	0	0	0	0	0	0	0	0	0	0	0	0	0	492	540	634
65960434211	125855	708.0	0	0	0	0	0	0	0	0	0	0	0	0	0	0	0	56	64	89
65959251490	125855	59.0	0	0	0	0	0	0	0	0	0	0	0	0	0	0	0	1213	1362	1852
69813219588	125855	99.0	0	0	0	0	0	0	0	0	0	0	0	0	0	0	0	152	219	357
10020569450962	125855	69.0	0	0	0	0	0	0	0	0	0	0	0	0	0	0	0	46	72	108
65959006653	125855	59.0	0	0	0	0	0	0	0	0	0	0	0	0	0	0	0	453	656	797
67001093876	125855	59.0	0	0	0	0	0	0	0	0	0	0	0	0	0	0	0	1362	1462	1664
10020035630762	125855	109.0	0	0	0	0	0	0	0	0	0	0	0	0	0	0	0	35	51	78
66704132682	125855	199.0	0	0	0	0	0	0	0	0	0	0	0	0	0	0	0	651	651	651
69813219592	125855	99.0	0	0	0	0	0	0	0	0	0	0	0	0	0	0	0	223	223	290
69813219589	125855	99.0	0	0	0	0	0	0	0	0	0	0	0	0	0	0	0	169	212	326
69666581679	125855	29.0	0	0	0	0	0	0	0	0	0	0	0	0	0	0	0	117	179	275
71845282881	125855	39.0	0	0	0	0	0	0	0	0	0	0	0	0	0	0	0	30	132	235
65960094685	125855	59.0	0	0	0	0	0	0	0	0	0	0	0	0	0	0	0	1096	1216	1367
69026791289	125855	59.0	0	0	0	0	0	0	0	0	0	0	0	0	0	0	0	2180	2348	2697
72245999765	125855	708.0	0	0	0	0	0	0	0	0	0	0	0	0	0	0	0	526	531	982
67718049443	125855	59.0	0	0	0	0	0	0	0	0	0	0	0	0	0	0	0	1157	1256	2548
65961163132	125855	708.0	0	0	0	0	0	0	0	0	0	0	0	0	0	0	0	25	27	33
10021182238893	125855	79.9	0	0	0	0	0	0	0	0	0	0	0	0	0	0	0	0	311	2636
10021207779272	125855	79.9	0	0	0	0	0	0	0	0	0	0	0	0	0	0	0	0	36	136
67717471637	125855	79.9	0	0	0	0	0	0	0	0	0	0	0	0	0	0	0	0	48	91
10021208890644	125855	79.9	0	0	0	0	0	0	0	0	0	0	0	0	0	0	0	0	5	21
10021678776725	125855	79.9	0	0	0	0	0	0	0	0	0	0	0	0	0	0	0	0	5	8
69813219591	125855	79.9	0	0	0	0	0	0	0	0	0	0	0	0	0	0	0	0	200	271
10020567834762	125855	79.9	0	0	0	0	0	0	0	0	0	0	0	0	0	0	0	0	195	453
10020569450963	125855	79.9	0	0	0	0	0	0	0	0	0	0	0	0	0	0	0	0	6	9
10021737150032	125855	79.9	0	0	0	0	0	0	0	0	0	0	0	0	0	0	0	0	25	69
10020608252400	125855	79.9	0	0	0	0	0	0	0	0	0	0	0	0	0	0	0	0	16	50
10020608252399	125855	79.9	0	0	0	0	0	0	0	0	0	0	0	0	0	0	0	0	16	92
10021207779271	125855	79.9	0	0	0	0	0	0	0	0	0	0	0	0	0	0	0	0	561	1094
10021670312472	125855	79.9	0	0	0	0	0	0	0	0	0	0	0	0	0	0	0	0	43	138
10021208890643	125855	79.9	0	0	0	0	0	0	0	0	0	0	0	0	0	0	0	0	35	77
10021513335549	125855	79.9	0	0	0	0	0	0	0	0	0	0	0	0	0	0	0	0	419	488
10020608252401	125855	79.9	0	0	0	0	0	0	0	0	0	0	0	0	0	0	0	0	18	45
