0 0 0
1 0 1
2 0 2
3 0 3
4 0 4
5 0 5
6 0 6
7 0 7
8 0 8
9 0 9
10 0 10
11 0 11
12 0 12
13 0 13
14 0 14
15 0 15
16 0 16
17 0 17
18 0 18
19 0 19
20 0 20
21 0 21
22 0 22
23 0 23
24 0 24
25 0 25
26 0 26
27 0 27
28 0 28
29 0 29
30 0 30
31 0 31
32 0 32
33 0 33
34 0 34
35 0 35
36 0 36
37 0 37
38 0 38
39 0 39
40 0 40
41 0 41
42 0 42
43 0 43
44 0 44
45 0 45
46 0 46
47 0 47
48 0 48
49 0 49
50 0 50
51 0 51
52 0 52
53 0 53
54 0 54
55 0 55
56 0 56
57 0 57
58 0 58
59 0 59
60 0 60
61 0 61
62 0 62
63 0 63
64 0 64
65 0 65
66 0 66
67 0 67
68 0 68
69 0 69
70 0 70
71 0 71
72 0 72
73 0 73
74 0 74
75 0 75
76 0 76
77 0 77
78 0 78
79 0 79
80 0 80
81 0 81
82 0 82
83 0 83
84 0 84
85 0 85
86 0 86
87 0 87
88 0 88
89 0 89
90 0 90
91 0 91
92 0 92
93 0 93
94 0 94
95 0 95
96 0 96
97 0 97
98 0 98
99 0 99
100 0 100
101 0 101
102 0 102
103 0 103
104 0 104
105 0 105
106 0 106
107 0 107
108 0 108
109 0 109
110 0 110
111 0 111
112 0 112
113 0 113
114 0 114
115 0 115
116 0 116
117 0 117
118 0 118
119 0 119
120 0 120
121 0 121
122 0 122
123 0 123
124 0 124
125 0 125
126 0 126
127 0 127
128 0 128
129 0 129
130 0 130
131 0 131
132 0 132
133 0 133
134 0 134
135 0 135
136 0 136
137 0 137
138 0 138
139 0 139
140 0 140
141 0 141
142 0 142
143 0 143
144 1 143
145 1 144
146 1 145
147 1 146
148 1 147
149 1 148
150 1 149
151 1 150
152 1 151
153 1 152
154 1 153
155 1 154
156 1 155
157 1 156
158 1 157
159 1 158
160 1 159
161 1 160
162 1 161
163 1 162
164 1 163
165 1 164
166 1 165
167 1 166
168 1 167
169 1 168
170 1 169
171 1 170
172 1 171
173 1 172
174 1 173
175 1 174
176 1 175
177 1 176
178 1 177
179 1 178
180 1 179
181 1 180
182 1 181
183 1 182
184 1 183
185 1 184
186 1 185
187 1 186
188 1 187
189 1 188
190 1 189
191 1 190
192 1 191
193 1 192
194 1 193
195 1 194
196 1 195
197 1 196
198 1 197
199 1 198
200 1 199
201 1 200
202 1 201
203 1 202
204 1 203
205 1 204
206 1 205
207 1 206
208 1 207
209 1 208
210 1 209
211 1 210
212 1 211
213 1 212
214 1 213
215 1 214
216 1 215
217 1 216
218 1 217
219 1 218
220 1 219
221 1 220
222 1 221
223 1 222
224 1 223
225 1 224
226 1 225
227 1 226
228 1 227
229 1 228
230 1 229
231 1 230
232 1 231
233 1 232
234 1 233
235 1 234
236 1 235
237 1 236
238 1 237
239 1 238
240 1 239
241 1 240
242 1 241
243 1 242
244 1 243
245 1 244
246 1 245
247 1 246
248 1 247
249 1 248
250 1 249
251 1 250
252 1 251
253 1 252
254 1 253
255 1 254
256 1 255
257 1 256
258 1 257
259 1 258
260 1 259
261 1 260
262 1 261
263 1 262
264 1 263
265 1 264
266 1 265
267 1 266
268 1 267
269 1 268
270 1 269
271 1 270
272 1 271
273 1 272
274 1 273
275 1 274
276 1 275
277 1 276
278 1 277
279 1 278
280 1 279
281 1 279
282 1 280
283 1 281
284 1 282
285 1 283
286 1 284
287 1 285
288 1 286
289 1 287
290 1 288
291 1 289
292 1 290
293 1 291
294 1 292
295 1 293
296 1 294
297 1 295
298 1 296
299 1 297
300 1 298
301 1 299
302 1 300
303 1 301
304 1 302
305 1 303
306 1 304
307 1 305
308 1 306
309 1 307
310 1 308
311 1 309
312 1 310
313 1 311
314 1 312
315 1 313
316 1 314
317 1 315
318 1 316
319 1 317
320 1 318
321 1 319
322 1 320
323 1 321
324 1 322
325 1 323
326 1 324
327 1 325
328 1 326
329 1 327
330 1 328
331 1 329
332 1 330
333 1 331
334 1 332
335 1 333
336 1 334
337 1 335
338 1 336
339 1 337
340 1 338
341 1 339
342 1 340
343 1 341
344 1 342
345 1 343
346 1 344
347 1 345
348 1 346
349 1 347
350 1 348
351 1 349
352 1 350
353 1 351
354 1 352
355 1 353
356 1 354
357 1 355
358 1 356
359 1 357
360 1 358
361 1 359
362 1 360
363 1 361
364 1 362
365 1 363
366 1 364
367 1 365
368 1 366
369 1 367
370 1 368
371 1 369
372 1 370
373 1 371
374 1 372
375 1 373
376 1 374
377 1 375
378 1 376
379 1 377
380 1 378
381 1 379
382 1 380
383 1 381
384 1 382
385 1 383
386 1 384
387 1 385
388 1 386
389 1 387
390 1 388
391 1 389
392 1 390
393 1 391
394 1 392
395 1 393
396 1 394
397 1 395
398 1 396
399 1 397
400 1 398
401 1 399
402 1 400
403 1 401
404 1 402
405 1 403
406 1 404
407 1 405
408 1 406
409 1 407
410 1 408
411 1 409
412 1 410
413 1 411
414 1 412
415 1 413
416 1 414
417 1 415
418 1 416
419 1 417
420 1 418
421 1 419
422 1 420
423 1 421
424 1 422
425 1 423
426 1 424
427 1 425
428 1 426
429 1 427
430 1 428
431 1 429
432 1 430
433 1 431
434 1 432
435 1 433
436 1 434
437 1 435
438 1 436
439 1 437
440 1 438
441 1 439
442 1 440
443 1 441
444 1 442
445 1 443
446 1 444
447 1 445
448 1 446
449 1 447
450 1 448
451 1 449
452 1 450
453 1 451
454 1 452
455 1 453
456 1 454
457 1 455
458 1 456
459 1 457
460 1 458
461 1 459
462 1 460
463 1 461
464 1 462
465 1 463
466 1 464
467 1 465
468 1 466
469 1 467
470 1 468
471 1 469
472 1 470
473 1 471
474 1 472
475 1 473
476 1 474
477 1 475
478 1 476
479 1 477
480 1 478
481 1 479
482 1 480
483 1 481
484 1 482
485 1 483
486 1 484
487 1 485
488 1 486
489 1 487
490 1 488
491 1 489
492 1 490
493 1 491
494 1 492
495 1 493
496 1 494
497 1 495
498 1 496
499 1 497
500 1 498
501 1 499
502 1 500
503 1 501
504 1 502
505 1 503
506 1 504
507 1 505
508 1 506
509 1 507
510 1 508
511 1 509
512 1 510
513 1 511
514 1 512
515 1 513
516 1 514
517 1 515
518 1 516
519 1 517
520 1 518
521 1 519
522 1 520
523 1 521
524 1 522
525 1 523
526 1 524
527 1 525
528 1 526
529 1 527
530 1 528
531 1 529
532 1 530
533 1 531
534 1 532
535 1 533
536 1 534
537 1 535
538 1 536
539 1 537
540 1 538
541 1 539
542 1 540
543 1 541
544 1 542
545 1 543
546 1 544
547 1 545
548 1 546
549 1 547
550 1 548
551 1 549
552 1 550
553 1 551
554 1 552
555 1 553
556 1 554
557 1 555
558 1 556
559 1 557
560 1 558
561 1 559
562 1 560
563 1 561
564 1 562
565 1 563
566 1 564
567 1 565
568 1 566
569 1 566
570 1 566
571 1 566
572 1 566
573 1 566
574 1 566
575 1 566
576 1 566
577 1 566
578 1 566
579 1 566
580 1 566
581 1 566
582 1 566
583 1 566
584 1 566
585 1 566
586 1 566
587 1 566
588 1 566
589 1 566
590 1 566
591 1 566
592 1 566
593 1 566
594 1 566
595 1 566
596 1 566
597 1 566
598 1 566
599 1 566
600 1 566
601 1 566
602 1 566
603 1 566
604 1 566
605 1 566
606 1 566
607 1 566
608 1 566
609 1 566
610 1 566
611 1 566
612 1 566
613 1 566
614 1 566
615 1 566
616 1 566
617 1 566
618 1 566
619 1 566
620 1 566
621 1 566
622 1 566
623 1 566
624 1 566
625 1 566
626 1 566
627 1 566
628 1 566
629 1 566
630 1 566
631 1 566
632 1 566
633 1 566
634 1 566
635 1 566
636 1 566
637 1 566
638 1 566
639 1 566
640 1 566
641 1 566
642 1 566
643 1 566
644 1 566
645 1 566
646 1 566
647 1 566
648 1 566
649 1 566
650 1 566
651 1 566
652 1 566
653 1 566
654 1 566
655 1 566
656 1 566
657 1 566
658 1 566
659 1 566
660 1 566
661 1 566
662 1 566
663 1 566
664 1 566
665 1 566
666 1 566
667 1 566
668 1 566
669 1 566
670 1 566
671 1 566
672 1 566
673 1 566
674 1 566
675 1 566
676 1 566
677 1 566
678 1 566
679 1 566
680 1 566
681 1 566
682 1 566
683 1 566
684 1 566
685 1 566
686 1 566
687 1 566
688 1 566
689 1 566
690 1 566
691 1 566
692 1 566
693 1 566
694 1 566
695 1 566
696 1 566
697 1 566
698 1 566
699 1 566
700 1 566
701 1 566
702 1 566
703 1 566
704 1 566
705 1 566
706 1 566
707 1 566
708 1 566
709 1 566
710 1 566
711 1 566
712 1 566
713 1 566
714 1 566
715 1 566
716 1 566
717 1 566
718 1 566
719 1 566
720 1 566
721 1 566
722 1 566
723 1 566
724 1 566
725 1 566
726 1 566
727 1 566
728 1 566
729 1 566
730 1 566
731 1 566
732 1 566
733 1 566
734 1 566
735 1 566
736 1 566
737 1 566
738 1 566
739 1 566
740 1 566
741 1 566
742 1 566
743 1 566
744 1 566
745 1 566
746 1 566
747 1 566
748 1 566
749 1 566
750 1 566
751 1 566
752 1 566
753 1 566
754 1 566
755 1 566
756 1 566
757 1 566
758 1 566
759 1 566
760 1 566
761 1 566
762 1 566
763 1 566
764 1 566
765 1 566
766 1 566
767 1 566
768 1 566
769 1 566
770 1 566
771 1 566
772 1 566
773 1 566
774 1 566
775 1 566
776 1 566
777 1 566
778 1 566
779 1 566
780 1 566
781 1 566
782 1 566
783 1 566
784 1 566
785 1 566
786 1 566
787 1 566
788 1 566
789 1 566
790 1 566
791 1 566
792 1 566
793 1 566
794 1 566
795 1 566
796 1 566
797 1 566
798 1 566
799 1 566
800 1 566
801 1 566
802 1 566
803 1 566
804 1 566
805 1 566
806 1 566
807 1 566
808 1 566
809 1 566
810 1 566
811 1 566
812 1 566
813 1 566
814 1 566
815 1 566
816 1 566
817 1 566
818 1 566
819 1 566
820 1 566
821 1 566
822 1 566
823 1 566
824 1 566
825 1 566
826 1 566
827 1 566
828 1 566
829 1 566
830 1 566
831 1 566
832 1 566
833 1 566
834 1 566
835 1 566
836 1 566
837 1 566
838 1 566
839 1 566
840 1 566
841 1 566
842 1 566
843 1 566
844 1 566
845 1 566
846 1 566
847 1 566
848 1 566
849 1 566
850 1 566
851 1 566
852 1 566
853 1 566
854 1 566
855 1 566
856 1 566
857 1 566
858 1 566
859 1 566
860 1 566
861 1 566
862 1 566
863 1 566
864 1 566
865 1 566
866 1 566
867 1 566
868 1 566
869 1 566
870 1 566
871 1 566
872 1 566
873 1 566
874 1 566
875 1 566
876 1 566
877 1 566
878 1 566
879 1 566
880 1 566
881 1 566
882 1 566
883 1 566
884 1 566
885 1 566
886 1 566
887 1 566
888 1 566
889 1 566
890 1 566
891 1 566
892 1 566
893 1 566
894 1 566
895 1 566
896 1 566
897 1 566
898 1 566
899 1 566
900 1 566
901 1 566
902 1 566
903 1 566
904 1 566
905 1 566
906 1 566
907 1 566
908 1 566
909 1 566
910 1 566
911 1 566
912 1 566
913 1 566
914 1 566
915 1 566
916 1 566
917 1 566
918 1 566
919 1 566
920 1 566
921 1 566
922 1 566
923 1 566
924 1 566
925 1 566
926 1 566
927 1 566
928 1 566
929 1 566
930 1 566
931 1 566
932 1 566
933 1 566
934 1 566
935 1 566
936 1 566
937 1 566
938 1 566
939 1 566
940 1 566
941 1 566
942 1 566
943 1 566
944 1 566
945 1 566
946 1 566
947 1 566
948 1 566
949 1 566
950 1 566
951 1 566
952 1 566
953 1 566
954 1 566
955 1 566
956 1 566
957 1 566
958 1 566
959 1 566
960 1 566
961 1 566
962 1 566
963 1 566
964 1 566
965 1 566
966 1 566
967 1 566
968 1 566
969 1 566
970 1 566
971 1 566
972 1 566
973 1 566
974 1 566
975 1 566
976 1 566
977 1 566
978 1 566
979 1 566
980 1 566
981 1 566
982 1 566
983 1 566
984 1 566
985 1 566
986 1 566
987 1 566
988 1 566
989 1 566
990 1 566
991 1 566
992 1 566
993 1 566
994 1 566
995 1 566
996 1 566
997 1 566
998 1 566
999 1 566
1000 1 566
1001 1 566
1002 1 566
1003 1 566
1004 1 566
1005 1 566
1006 1 566
1007 1 566
1008 1 566
1009 1 566
1010 1 566
1011 1 566
1012 1 566
1013 1 566
1014 1 566
1015 1 566
1016 1 566
1017 1 566
1018 1 566
1019 1 566
1020 1 566
1021 1 566
1022 1 566
1023 1 566
1024 1 566
1025 1 566
1026 1 566
1027 1 566
1028 1 566
1029 1 566
1030 1 566
1031 1 566
1032 1 566
1033 1 566
1034 1 566
1035 1 566
1036 1 566
1037 1 566
1038 1 566
1039 1 566
1040 1 566
1041 1 566
1042 1 566
1043 1 566
1044 1 566
1045 1 566
1046 1 566
1047 1 566
1048 1 566
1049 1 566
1050 1 566
1051 1 566
1052 1 566
1053 1 566
1054 1 566
1055 1 566
1056 1 566
1057 1 566
1058 1 566
1059 1 566
1060 1 566
1061 1 566
1062 1 566
1063 1 566
1064 1 566
1065 1 566
1066 1 566
1067 1 566
1068 1 566
1069 1 566
1070 1 566
1071 1 566
1072 1 566
1073 1 566
1074 1 566
1075 1 566
1076 1 566
1077 1 566
1078 1 566
1079 1 566
1080 1 566
1081 1 566
1082 1 566
1083 1 566
1084 1 566
1085 1 566
1086 1 566
1087 1 566
1088 1 566
1089 1 566
1090 1 566
1091 1 566
1092 1 566
1093 1 566
1094 1 566
1095 1 566
1096 1 566
1097 1 566
1098 1 566
1099 1 566
1100 1 566
1101 1 566
1102 1 566
1103 1 566
1104 1 566
1105 1 566
1106 1 566
1107 1 566
1108 1 566
1109 1 566
1110 1 566
1111 1 566
1112 1 566
1113 1 566
1114 1 566
1115 1 566
1116 1 566
1117 1 566
1118 1 566
1119 1 566
1120 1 566
1121 1 566
1122 1 566
1123 1 566
1124 1 566
1125 1 566
1126 1 566
1127 1 566
1128 1 566
1129 1 566
1130 1 566
1131 1 566
1132 1 566
1133 1 566
1134 1 566
1135 1 566
1136 1 566
1137 1 566
1138 1 566
1139 1 566
1140 1 566
1141 1 566
1142 1 566
1143 1 566
1144 1 566
1145 1 566
1146 1 566
1147 1 566
1148 1 566
1149 1 566
1150 1 566
1151 1 566
1152 1 566
1153 1 566
1154 1 566
1155 1 566
1156 1 566
1157 1 566
1158 1 566
1159 1 566
1160 1 566
1161 1 566
1162 1 566
1163 1 566
1164 1 566
1165 1 566
1166 1 566
1167 1 566
1168 1 566
1169 1 566
1170 1 566
1171 1 566
1172 1 566
1173 1 566
1174 1 566
1175 1 566
1176 1 566
1177 1 566
1178 1 566
1179 1 566
1180 1 566
1181 1 566
1182 1 566
1183 1 566
1184 1 566
1185 1 566
1186 1 566
1187 1 566
1188 1 566
1189 1 566
1190 1 566
1191 1 566
1192 1 566
1193 1 566
1194 1 566
1195 1 566
1196 1 566
1197 1 566
1198 1 566
1199 1 566
1200 1 566
1201 1 566
1202 1 566
1203 1 566
1204 1 566
1205 1 566
1206 1 566
1207 1 566
1208 1 566
1209 1 566
1210 1 566
1211 1 566
1212 1 566
1213 1 566
1214 1 566
1215 1 566
1216 1 566
1217 1 566
1218 1 566
1219 1 566
1220 1 566
1221 1 566
1222 1 566
1223 1 566
1224 1 566
1225 1 566
1226 1 566
1227 1 566
1228 1 566
1229 1 566
1230 1 566
1231 1 566
1232 1 566
1233 1 566
1234 1 566
1235 1 566
1236 1 566
1237 1 566
1238 1 566
1239 1 566
1240 1 566
1241 1 566
1242 1 566
1243 1 566
1244 1 566
1245 1 566
1246 1 566
1247 1 566
1248 1 566
1249 1 566
1250 1 566
1251 1 566
1252 1 566
1253 1 566
1254 1 566
1255 1 566
1256 1 566
1257 1 566
1258 1 566
1259 1 566
1260 1 566
1261 1 566
1262 1 566
1263 1 566
1264 1 566
1265 1 566
1266 1 566
1267 1 566
1268 1 566
1269 1 566
1270 1 566
1271 1 566
1272 1 566
1273 1 566
1274 1 566
1275 1 566
1276 1 566
1277 1 566
1278 1 566
1279 1 566
1280 1 566
1281 1 566
1282 1 566
1283 1 566
1284 1 566
1285 1 566
1286 1 566
1287 1 566
1288 1 566
1289 1 566
1290 1 566
1291 1 566
1292 1 566
1293 1 566
1294 1 566
1295 1 566
1296 1 566
1297 1 566
1298 1 566
1299 1 566
1300 1 566
1301 1 566
1302 1 566
1303 1 566
1304 1 566
1305 1 566
1306 1 566
1307 1 566
1308 1 566
1309 1 566
1310 1 566
1311 1 566
1312 1 566
1313 1 566
1314 1 566
1315 1 566
1316 1 566
1317 1 566
1318 1 566
1319 1 566
1320 1 566
1321 1 566
1322 1 566
1323 1 566
1324 1 566
1325 1 566
1326 1 566
1327 1 566
1328 1 566
1329 1 566
1330 1 566
1331 1 566
1332 1 566
1333 1 566
1334 1 566
1335 1 566
1336 1 566
1337 1 566
1338 1 566
1339 1 566
1340 1 566
1341 1 566
1342 1 566
1343 1 566
1344 1 566
1345 1 566
1346 1 566
1347 1 566
1348 1 566
1349 1 566
1350 1 566
1351 1 566
1352 1 566
1353 1 566
1354 1 566
1355 1 566
1356 1 566
1357 1 566
1358 1 566
1359 1 566
1360 1 566
1361 1 566
1362 1 566
1363 1 566
1364 1 566
1365 1 566
1366 1 566
1367 1 566
1368 1 566
1369 1 566
1370 1 566
1371 1 566
1372 1 566
1373 1 566
1374 1 566
1375 1 566
1376 1 566
1377 1 566
1378 1 566
1379 1 566
1380 1 566
1381 1 566
1382 1 566
1383 1 566
1384 1 566
1385 1 566
1386 1 566
1387 1 566
1388 1 566
1389 1 566
1390 1 566
1391 1 566
1392 1 566
1393 1 566
1394 1 566
1395 1 566
1396 1 566
1397 1 566
1398 1 566
1399 1 566
1400 1 566
1401 1 566
1402 1 566
1403 1 566
1404 1 566
1405 1 566
1406 1 566
1407 1 566
1408 1 566
1409 1 566
1410 1 566
1411 1 566
1412 1 566
1413 1 566
1414 1 566
1415 1 566
1416 1 566
1417 1 566
1418 1 566
1419 1 566
1420 1 566
1421 1 566
1422 1 566
1423 1 566
1424 1 566
1425 1 566
1426 1 566
1427 1 566
1428 1 566
1429 1 566
1430 1 566
1431 1 566
1432 1 566
1433 1 566
1434 1 566
1435 1 566
1436 1 566
1437 1 566
1438 1 566
1439 1 566
1440 1 566
1441 1 566
1442 1 566
1443 1 566
1444 1 566
1445 1 566
1446 1 566
1447 1 566
1448 1 566
1449 1 566
1450 1 566
1451 1 566
1452 1 566
1453 1 566
1454 1 566
1455 1 566
1456 1 566
1457 1 566
1458 1 566
1459 1 566
1460 1 566
1461 1 566
1462 1 566
1463 1 566
1464 1 566
1465 1 566
1466 1 566
1467 1 566
1468 1 566
1469 1 566
1470 1 566
1471 1 566
1472 1 566
1473 1 566
1474 1 566
1475 1 566
1476 1 566
1477 1 566
1478 1 566
1479 1 566
1480 1 566
1481 1 566
1482 1 566
1483 1 566
1484 1 566
1485 1 566
1486 1 566
1487 1 566
1488 1 566
1489 1 566
1490 1 566
1491 1 566
1492 1 566
1493 1 566
1494 1 566
1495 1 566
1496 1 566
1497 1 566
1498 1 566
1499 1 566
1500 1 566
1501 1 566
1502 1 566
1503 1 566
1504 1 566
1505 1 566
1506 1 566
1507 1 566
1508 1 566
1509 1 566
1510 1 566
1511 1 566
1512 1 566
1513 1 566
1514 1 566
1515 1 566
1516 1 566
1517 1 566
1518 1 566
1519 1 566
1520 1 566
1521 1 566
1522 1 566
1523 1 566
1524 1 566
1525 1 566
1526 1 566
1527 1 566
1528 1 566
1529 1 566
1530 1 566
1531 1 566
1532 1 566
1533 1 566
1534 1 566
1535 1 566
1536 1 566
1537 1 566
1538 1 566
1539 1 566
1540 1 566
1541 1 566
1542 1 566
1543 1 566
1544 1 566
1545 1 566
1546 1 566
1547 1 566
1548 1 566
1549 1 566
1550 1 566
1551 1 566
1552 1 566
1553 1 566
1554 1 566
1555 1 566
1556 1 566
1557 1 566
1558 1 566
1559 1 566
1560 1 566
1561 1 566
1562 1 566
1563 1 566
1564 1 566
1565 1 566
1566 1 566
1567 1 566
1568 1 566
1569 1 566
1570 1 566
1571 1 566
1572 1 566
1573 1 566
1574 1 566
1575 1 566
1576 1 566
1577 1 566
1578 1 566
1579 1 566
1580 1 566
1581 1 566
1582 1 566
1583 1 566
1584 1 566
1585 1 566
1586 1 566
1587 1 566
1588 1 566
1589 1 566
1590 1 566
1591 1 566
1592 1 566
1593 1 566
1594 1 566
1595 1 566
1596 1 566
1597 1 566
1598 1 566
1599 1 566
1600 1 566
1601 1 566
1602 1 566
1603 1 566
1604 1 566
1605 1 566
1606 1 566
1607 1 566
1608 1 566
1609 1 566
1610 1 566
1611 1 566
1612 1 566
1613 1 566
1614 1 566
1615 1 566
1616 1 566
1617 1 566
1618 1 566
1619 1 566
1620 1 566
1621 1 566
1622 1 566
1623 1 566
1624 1 566
1625 1 566
1626 1 566
1627 1 566
1628 1 566
1629 1 566
1630 1 566
1631 1 566
1632 1 566
1633 1 566
1634 1 566
1635 1 566
1636 1 566
1637 1 566
1638 1 566
1639 1 566
1640 1 566
1641 1 566
1642 1 566
1643 1 566
1644 1 566
1645 1 566
1646 1 566
1647 1 566
1648 1 566
1649 1 566
1650 1 566
1651 1 566
1652 1 566
1653 1 566
1654 1 566
1655 1 566
1656 1 566
1657 1 566
1658 1 566
1659 1 566
1660 1 566
1661 1 566
1662 1 566
1663 1 566
1664 1 566
1665 1 566
1666 1 566
1667 1 566
1668 1 566
1669 1 566
1670 1 566
1671 1 566
1672 1 566
1673 1 566
1674 1 566
1675 1 566
1676 1 566
1677 1 566
1678 1 566
1679 1 566
1680 1 566
1681 1 566
1682 1 566
1683 1 566
1684 1 566
1685 1 566
1686 1 566
1687 1 566
1688 1 566
1689 1 566
1690 1 566
1691 1 566
1692 1 566
1693 1 566
1694 1 566
1695 1 566
1696 1 566
1697 1 566
1698 1 566
1699 1 566
1700 1 566
1701 1 566
1702 1 566
1703 1 566
1704 1 566
1705 1 566
1706 1 566
1707 1 566
1708 1 566
1709 1 566
1710 1 566
1711 1 566
1712 1 566
1713 1 566
1714 1 566
1715 1 566
1716 1 566
1717 1 566
1718 1 566
1719 1 566
1720 1 566
1721 1 566
1722 1 566
1723 1 566
1724 1 566
1725 1 566
1726 1 566
1727 1 566
1728 1 566
1729 1 566
1730 1 566
1731 1 566
1732 1 566
1733 1 566
1734 1 566
1735 1 566
1736 1 566
1737 1 566
1738 1 566
1739 1 566
1740 1 566
1741 1 566
1742 1 566
1743 1 566
1744 1 566
1745 1 566
1746 1 566
1747 1 566
1748 1 566
1749 1 566
1750 1 566
1751 1 566
1752 1 566
1753 1 566
1754 1 566
1755 1 566
1756 1 566
1757 1 566
1758 1 566
1759 1 566
1760 1 566
1761 1 566
1762 1 566
1763 1 566
1764 1 566
1765 1 566
1766 1 566
1767 1 566
1768 1 566
1769 1 566
1770 1 566
1771 1 566
1772 1 566
1773 1 566
1774 1 566
1775 1 566
1776 1 566
1777 1 566
1778 1 566
1779 1 566
1780 1 566
1781 1 566
1782 1 566
1783 1 566
1784 1 566
1785 1 566
1786 1 566
1787 1 566
1788 1 566
1789 1 566
1790 1 566
1791 1 566
1792 1 566
1793 1 566
1794 1 566
1795 1 566
1796 1 566
1797 1 566
1798 1 566
1799 1 566
1800 1 566
1801 1 566
1802 1 566
1803 1 566
1804 1 566
1805 1 566
1806 1 566
1807 1 566
1808 1 566
1809 1 566
1810 1 566
1811 1 566
1812 1 566
1813 1 566
1814 1 566
1815 1 566
1816 1 566
1817 1 566
1818 1 566
1819 1 566
1820 1 566
1821 1 566
1822 1 566
1823 1 566
1824 1 566
1825 1 566
1826 1 566
1827 1 566
1828 1 566
1829 1 566
1830 1 566
1831 1 566
1832 1 566
1833 1 566
1834 1 566
1835 1 566
1836 1 566
1837 1 566
1838 1 566
1839 1 566
1840 1 566
1841 1 566
1842 1 566
1843 1 566
1844 1 566
1845 1 566
1846 1 566
1847 1 566
1848 1 566
1849 1 566
1850 1 566
1851 1 566
1852 1 566
1853 1 566
1854 1 566
1855 1 566
1856 1 566
1857 1 566
1858 1 566
1859 1 566
1860 1 566
1861 1 566
1862 1 566
1863 1 566
1864 1 566
1865 1 566
1866 1 566
1867 1 566
1868 1 566
1869 1 566
1870 1 566
1871 1 566
1872 1 566
1873 1 566
1874 1 566
1875 1 566
1876 1 566
1877 1 566
1878 1 566
1879 1 566
1880 1 566
1881 1 566
1882 1 566
1883 1 566
1884 1 566
1885 1 566
1886 1 566
1887 1 566
1888 1 566
1889 1 566
1890 1 566
1891 1 566
1892 1 566
1893 1 566
1894 1 566
1895 1 566
1896 1 566
1897 1 566
1898 1 566
1899 1 566
1900 1 566
1901 1 566
1902 1 566
1903 1 566
1904 1 566
1905 1 566
1906 1 566
1907 1 566
1908 1 566
1909 1 566
1910 1 566
1911 1 566
1912 1 566
1913 1 566
1914 1 566
1915 1 566
1916 1 566
1917 1 566
1918 1 566
1919 1 566
1920 1 566
1921 1 566
1922 1 566
1923 1 566
1924 1 566
1925 1 566
1926 1 566
1927 1 566
1928 1 566
1929 1 566
1930 1 566
1931 1 566
1932 1 566
1933 1 566
1934 1 566
1935 1 566
1936 1 566
1937 1 566
1938 1 566
1939 1 566
1940 1 566
1941 1 566
1942 1 566
1943 1 566
1944 1 566
1945 1 566
1946 1 566
1947 1 566
1948 1 566
1949 1 566
1950 1 566
1951 1 566
1952 1 566
1953 1 566
1954 1 566
1955 1 566
1956 1 566
1957 1 566
1958 1 566
1959 1 566
1960 1 566
1961 1 566
1962 1 566
1963 1 566
1964 1 566
1965 1 566
1966 1 566
1967 1 566
1968 1 566
1969 1 566
1970 1 566
1971 1 566
1972 1 566
1973 1 566
1974 1 566
1975 1 566
1976 1 566
1977 1 566
1978 1 566
1979 1 566
1980 1 566
1981 1 566
1982 1 566
1983 1 566
1984 1 566
1985 1 566
1986 1 566
1987 1 566
1988 1 566
1989 1 566
1990 1 566
1991 1 566
1992 1 566
1993 1 566
1994 1 566
1995 1 566
1996 1 566
1997 1 566
1998 1 566
1999 1 566
2000 1 566
2001 1 566
2002 1 566
2003 1 566
2004 1 566
2005 1 566
2006 1 566
2007 1 566
2008 1 566
2009 1 566
2010 1 566
2011 1 566
2012 1 566
2013 1 566
2014 1 566
2015 1 566
2016 1 566
2017 1 566
2018 1 566
2019 1 566
2020 1 566
2021 1 566
2022 1 566
2023 1 566
2024 1 566
2025 1 566
2026 1 566
2027 1 566
2028 1 566
2029 1 566
2030 1 566
2031 1 566
2032 1 566
2033 1 566
2034 1 566
2035 1 566
2036 1 566
2037 1 566
2038 1 566
2039 1 566
2040 1 566
2041 1 566
2042 1 566
2043 1 566
2044 1 566
2045 1 566
2046 1 566
2047 1 566
2048 1 566
2049 1 566
2050 1 566
2051 1 566
2052 1 566
2053 1 566
2054 1 566
2055 1 566
2056 1 566
2057 1 566
2058 1 566
2059 1 566
2060 1 566
2061 1 566
2062 1 566
2063 1 566
2064 1 566
2065 1 566
2066 1 566
2067 1 566
2068 1 566
2069 1 566
2070 1 566
2071 1 566
2072 1 566
2073 1 566
2074 1 566
2075 1 566
2076 1 566
2077 1 566
2078 1 566
2079 1 566
2080 1 566
2081 1 566
2082 1 566
2083 1 566
2084 1 566
2085 1 566
2086 1 566
2087 1 566
2088 1 566
2089 1 566
2090 1 566
2091 1 566
2092 1 566
2093 1 566
2094 1 566
2095 1 566
2096 1 566
2097 1 566
2098 1 566
2099 1 566
2100 1 566
2101 1 566
2102 1 566
2103 1 566
2104 1 566
2105 1 566
2106 1 566
2107 1 566
2108 1 566
2109 1 566
2110 1 566
2111 1 566
2112 1 566
2113 1 566
2114 1 566
2115 1 566
2116 1 566
2117 1 566
2118 1 566
2119 1 566
2120 1 566
2121 1 566
2122 1 566
2123 1 566
2124 1 566
2125 1 566
2126 1 566
2127 1 566
2128 1 566
2129 1 566
2130 1 566
2131 1 566
2132 1 566
2133 1 566
2134 1 566
2135 1 566
2136 1 566
2137 1 566
2138 1 566
2139 1 566
2140 1 566
2141 1 566
2142 1 566
2143 1 566
2144 1 566
2145 1 566
2146 1 566
2147 1 566
2148 1 566
2149 1 566
2150 1 566
2151 1 566
2152 1 566
2153 1 566
2154 1 566
2155 1 566
2156 1 566
2157 1 566
2158 1 566
2159 1 566
2160 1 566
2161 1 566
2162 1 566
2163 1 566
2164 1 566
2165 1 566
2166 1 566
2167 1 566
2168 1 566
2169 1 566
2170 1 566
2171 1 566
2172 1 566
2173 1 566
2174 1 566
2175 1 566
2176 1 566
2177 1 566
2178 1 566
2179 1 566
2180 1 566
2181 1 566
2182 1 566
2183 1 566
2184 1 566
2185 1 566
2186 1 566
2187 1 566
2188 1 566
2189 1 566
2190 1 566
2191 1 566
2192 1 566
2193 1 566
2194 1 566
2195 1 566
2196 1 566
2197 1 566
2198 1 566
2199 1 566
2200 1 566
2201 1 566
2202 1 566
2203 1 566
2204 1 566
2205 1 566
2206 1 566
2207 1 566
2208 1 566
2209 1 566
2210 1 566
2211 1 566
2212 1 566
2213 1 566
2214 1 566
2215 1 566
2216 1 566
2217 1 566
2218 1 566
2219 1 566
2220 1 566
2221 1 566
2222 1 566
2223 1 566
2224 1 566
2225 1 566
2226 1 566
2227 1 566
2228 1 566
2229 1 566
2230 1 566
2231 1 566
2232 1 566
2233 1 566
2234 1 566
2235 1 566
2236 1 566
2237 1 566
2238 1 566
2239 1 566
2240 1 566
2241 1 566
2242 1 566
2243 1 566
2244 1 566
2245 1 566
2246 1 566
2247 1 566
2248 1 566
2249 1 566
2250 1 566
2251 1 566
2252 1 566
2253 1 566
2254 1 566
2255 1 566
2256 1 566
2257 1 566
2258 1 566
2259 1 566
2260 1 566
2261 1 566
2262 1 566
2263 1 566
2264 1 566
2265 1 566
2266 1 566
2267 1 566
2268 1 566
2269 1 566
2270 1 566
2271 1 566
2272 1 566
2273 1 566
2274 1 566
2275 1 566
2276 1 566
2277 1 566
2278 1 566
2279 1 566
2280 1 566
2281 1 566
2282 1 566
2283 1 566
2284 1 566
2285 1 566
2286 1 566
2287 1 566
2288 1 566
2289 1 566
2290 1 566
2291 1 566
2292 1 566
2293 1 566
2294 1 566
2295 1 566
2296 1 566
2297 1 566
2298 1 566
2299 1 566
2300 1 566
2301 1 566
2302 1 566
2303 1 566
2304 1 566
2305 1 566
2306 1 566
2307 1 566
2308 1 566
2309 1 566
2310 1 566
2311 1 566
2312 1 566
2313 1 566
2314 1 566
2315 1 566
2316 1 566
2317 1 566
2318 1 566
2319 1 566
2320 1 566
2321 1 566
2322 1 566
2323 1 566
2324 1 566
2325 1 566
2326 1 566
2327 1 566
2328 1 566
2329 1 566
2330 1 566
2331 1 566
2332 1 566
2333 1 566
2334 1 566
2335 1 566
2336 1 566
2337 1 566
2338 1 566
2339 1 566
2340 1 566
2341 1 566
2342 1 566
2343 1 566
2344 1 566
2345 1 566
2346 1 566
2347 1 566
2348 1 566
2349 1 566
2350 1 566
2351 1 566
2352 1 566
2353 1 566
2354 1 566
2355 1 566
2356 1 566
2357 1 566
2358 1 566
2359 1 566
2360 1 566
2361 1 566
2362 1 566
2363 1 566
2364 1 566
2365 1 566
2366 1 566
2367 1 566
2368 1 566
2369 1 566
2370 1 566
2371 1 566
2372 1 566
2373 1 566
2374 1 566
2375 1 566
2376 1 566
2377 1 566
2378 1 566
2379 1 566
2380 1 566
2381 1 566
2382 1 566
2383 1 566
2384 1 566
2385 1 566
2386 1 566
2387 1 566
2388 1 566
2389 1 566
2390 1 566
2391 1 566
2392 1 566
2393 1 566
2394 1 566
2395 1 566
2396 1 566
2397 1 566
2398 1 566
2399 1 566
2400 1 566
2401 1 566
2402 1 566
2403 1 566
2404 1 566
2405 1 566
2406 1 566
2407 1 566
2408 1 566
2409 1 566
2410 1 566
2411 1 566
2412 1 566
2413 1 566
2414 1 566
2415 1 566
2416 1 566
2417 1 566
2418 1 566
2419 1 566
2420 1 566
2421 1 566
2422 1 566
2423 1 566
2424 1 566
2425 1 566
2426 1 566
2427 1 566
2428 1 566
2429 1 566
2430 1 566
2431 1 566
2432 1 566
2433 1 566
2434 1 566
2435 1 566
2436 1 566
2437 1 566
2438 1 566
2439 1 566
2440 1 566
2441 1 566
2442 1 566
2443 1 566
2444 1 566
2445 1 566
2446 1 566
2447 1 566
2448 1 566
2449 1 566
2450 1 566
2451 1 566
2452 1 566
2453 1 566
2454 1 566
2455 1 566
2456 1 566
2457 1 566
2458 1 566
2459 1 566
2460 1 566
2461 1 566
2462 1 566
2463 1 566
2464 1 566
2465 1 566
2466 1 566
2467 1 566
2468 1 566
2469 1 566
2470 1 566
2471 1 566
2472 1 566
2473 1 566
2474 1 566
2475 1 566
2476 1 566
2477 1 566
2478 1 566
2479 1 566
2480 1 566
2481 1 566
2482 1 566
2483 1 566
2484 1 566
2485 1 566
2486 1 566
2487 1 566
2488 1 566
2489 1 566
2490 1 566
2491 1 566
2492 1 566
2493 1 566
2494 1 566
2495 1 566
2496 1 566
2497 1 566
2498 1 566
2499 1 566
2500 1 566
2501 1 566
2502 1 566
2503 1 566
2504 1 566
2505 1 566
2506 1 566
2507 1 566
2508 1 566
2509 1 566
2510 1 566
2511 1 566
2512 1 566
2513 1 566
2514 1 566
2515 1 566
2516 1 566
2517 1 566
2518 1 566
2519 1 566
2520 1 566
2521 1 566
2522 1 566
2523 1 566
2524 1 566
2525 1 566
2526 1 566
2527 1 566
2528 1 566
2529 1 566
2530 1 566
2531 1 566
2532 1 566
2533 1 566
2534 1 566
2535 1 566
2536 1 566
2537 1 566
2538 1 566
2539 1 566
2540 1 566
2541 1 566
2542 1 566
2543 1 566
2544 1 566
2545 1 566
2546 1 566
2547 1 566
2548 1 566
2549 1 566
2550 1 566
2551 1 566
2552 1 566
2553 1 566
2554 1 566
2555 1 566
2556 1 566
2557 1 566
2558 1 566
2559 1 566
2560 1 566
2561 1 566
2562 1 566
2563 1 566
2564 1 566
2565 1 566
2566 1 566
2567 1 566
2568 1 566
2569 1 566
2570 1 566
2571 1 566
2572 1 566
2573 1 566
2574 1 566
2575 1 566
2576 1 566
2577 1 566
2578 1 566
2579 1 566
2580 1 566
2581 1 566
2582 1 566
2583 1 566
2584 1 566
2585 1 566
2586 1 566
2587 1 566
2588 1 566
2589 1 566
2590 1 566
2591 1 566
2592 1 566
2593 1 566
2594 1 566
2595 1 566
2596 1 566
2597 1 566
2598 1 566
2599 1 566
2600 1 566
2601 1 566
2602 1 566
2603 1 566
2604 1 566
2605 1 566
2606 1 566
2607 1 566
2608 1 566
2609 1 566
2610 1 566
2611 1 566
2612 1 566
2613 1 566
2614 1 566
2615 1 566
2616 1 566
2617 1 566
2618 1 566
2619 1 566
2620 1 566
2621 1 566
2622 1 566
2623 1 566
2624 1 566
2625 1 566
2626 1 566
2627 1 566
2628 1 566
2629 1 566
2630 1 566
2631 1 566
2632 1 566
2633 1 566
2634 1 566
2635 1 566
2636 1 566
2637 1 566
2638 1 566
2639 1 566
2640 1 566
2641 1 566
2642 1 566
2643 1 566
2644 1 566
2645 1 566
2646 1 566
2647 1 566
2648 1 566
2649 1 566
2650 1 566
2651 1 566
2652 1 566
2653 1 566
2654 1 566
2655 1 566
2656 1 566
2657 1 566
2658 1 566
2659 1 566
2660 1 566
2661 1 566
2662 1 566
2663 1 566
2664 1 566
2665 1 566
2666 1 566
2667 1 566
2668 1 566
2669 1 566
2670 1 566
2671 1 566
2672 1 566
2673 1 566
2674 1 566
2675 1 566
2676 1 566
2677 1 566
2678 1 566
2679 1 566
2680 1 566
2681 1 566
2682 1 566
2683 1 566
2684 1 566
2685 1 566
2686 1 566
2687 1 566
2688 1 566
2689 1 566
2690 1 566
2691 1 566
2692 1 566
2693 1 566
2694 1 566
2695 1 566
2696 1 566
2697 1 566
2698 1 566
2699 1 566
2700 1 566
2701 1 566
2702 1 566
2703 1 566
2704 1 566
2705 1 566
2706 1 566
2707 1 566
2708 1 566
2709 1 566
2710 1 566
2711 1 566
2712 1 566
2713 1 566
2714 1 566
2715 1 566
2716 1 566
2717 1 566
2718 1 566
2719 1 566
2720 1 566
2721 1 566
2722 1 566
2723 1 566
2724 1 566
2725 1 566
2726 1 566
2727 1 566
2728 1 566
2729 1 566
2730 1 566
2731 1 566
2732 1 566
2733 1 566
2734 1 566
2735 1 566
2736 1 566
2737 1 566
2738 1 566
2739 1 566
2740 1 566
2741 1 566
2742 1 566
2743 1 566
2744 1 566
2745 1 566
2746 1 566
2747 1 566
2748 1 566
2749 1 566
2750 1 566
2751 1 566
2752 1 566
2753 1 566
2754 1 566
2755 1 566
2756 1 566
2757 1 566
2758 1 566
2759 1 566
2760 1 566
2761 1 566
2762 1 566
2763 1 566
2764 1 566
2765 1 566
2766 1 566
2767 1 566
2768 1 566
2769 1 566
2770 1 566
2771 1 566
2772 1 566
2773 1 566
2774 1 566
2775 1 566
2776 1 566
2777 1 566
2778 1 566
2779 1 566
2780 1 566
2781 1 566
2782 1 566
2783 1 566
2784 1 566
2785 1 566
2786 1 566
2787 1 566
2788 1 566
2789 1 566
2790 1 566
2791 1 566
2792 1 566
2793 1 566
2794 1 566
2795 1 566
2796 1 566
2797 1 566
2798 1 566
2799 1 566
2800 1 566
2801 1 566
2802 1 566
2803 1 566
2804 1 566
2805 1 566
2806 1 566
2807 1 566
2808 1 566
2809 1 566
2810 1 566
2811 1 566
2812 1 566
2813 1 566
2814 1 566
2815 1 566
2816 1 566
2817 1 566
2818 1 566
2819 1 566
2820 1 566
2821 1 566
2822 1 566
2823 1 566
2824 1 566
2825 1 566
2826 1 566
2827 1 566
2828 1 566
2829 1 566
2830 1 566
2831 1 566
2832 1 566
2833 1 566
2834 1 566
2835 1 566
2836 1 566
2837 1 566
2838 1 566
2839 1 566
2840 1 566
2841 1 566
2842 1 566
2843 1 566
2844 1 566
2845 1 566
2846 1 566
2847 1 566
2848 1 566
2849 1 566
2850 1 566
2851 1 566
2852 1 566
2853 1 566
2854 1 566
2855 1 566
2856 1 566
2857 1 566
2858 1 566
2859 1 566
2860 1 566
2861 1 566
2862 1 566
2863 1 566
2864 1 566
2865 1 566
2866 1 566
2867 1 566
2868 1 566
2869 1 566
2870 1 566
2871 1 566
2872 1 566
2873 1 566
2874 1 566
2875 1 566
2876 1 566
2877 1 566
2878 1 566
2879 1 566
2880 1 566
2881 1 566
2882 1 566
2883 1 566
2884 1 566
2885 1 566
2886 1 566
2887 1 566
2888 1 566
2889 1 566
2890 1 566
2891 1 566
2892 1 566
2893 1 566
2894 1 566
2895 1 566
2896 1 566
2897 1 566
2898 1 566
2899 1 566
2900 1 566
2901 1 566
2902 1 566
2903 1 566
2904 1 566
2905 1 566
2906 1 566
2907 1 566
2908 1 566
2909 1 566
2910 1 566
2911 1 566
2912 1 566
2913 1 566
2914 1 566
2915 1 566
2916 1 566
2917 1 566
2918 1 566
2919 1 566
2920 1 566
2921 1 566
2922 1 566
2923 1 566
2924 1 566
2925 1 566
2926 1 566
2927 1 566
2928 1 566
2929 1 566
2930 1 566
2931 1 566
2932 1 566
2933 1 566
2934 1 566
2935 1 566
2936 1 566
2937 1 566
2938 1 566
2939 1 566
2940 1 566
2941 1 566
2942 1 566
2943 1 566
2944 1 566
2945 1 566
2946 1 566
2947 1 566
2948 1 566
2949 1 566
2950 1 566
2951 1 566
2952 1 566
2953 1 566
2954 1 566
2955 1 566
2956 1 566
2957 1 566
2958 1 566
2959 1 566
2960 1 566
2961 1 566
2962 1 566
2963 1 566
2964 1 566
2965 1 566
2966 1 566
2967 1 566
2968 1 566
2969 1 566
2970 1 566
2971 1 566
2972 1 566
2973 1 566
2974 1 566
2975 1 566
2976 1 566
2977 1 566
2978 1 566
2979 1 566
2980 1 566
2981 1 566
2982 1 566
2983 1 566
2984 1 566
2985 1 566
2986 1 566
2987 1 566
2988 1 566
2989 1 566
2990 1 566
2991 1 566
2992 1 566
2993 1 566
2994 1 566
2995 1 566
2996 1 566
2997 1 566
2998 1 566
2999 1 566
3000 1 566
3001 1 566
3002 1 566
3003 1 566
3004 1 566
3005 1 566
3006 1 566
3007 1 566
3008 1 566
3009 1 566
3010 1 566
3011 1 566
3012 1 566
3013 1 566
3014 1 566
3015 1 566
3016 1 566
3017 1 566
3018 1 566
3019 1 566
3020 1 566
3021 1 566
3022 1 566
3023 1 566
3024 1 566
3025 1 566
3026 1 566
3027 1 566
3028 1 566
3029 1 566
3030 1 566
3031 1 566
3032 1 566
3033 1 566
3034 1 566
3035 1 566
3036 1 566
3037 1 566
3038 1 566
3039 1 566
3040 1 566
3041 1 566
3042 1 566
3043 1 566
3044 1 566
3045 1 566
3046 1 566
3047 1 566
3048 1 566
3049 1 566
3050 1 566
3051 1 566
3052 1 566
3053 1 566
3054 1 566
3055 1 566
3056 1 566
3057 1 566
3058 1 566
3059 1 566
3060 1 566
3061 1 566
3062 1 566
3063 1 566
3064 1 566
3065 1 566
3066 1 566
3067 1 566
3068 1 566
3069 1 566
3070 1 566
3071 1 566
3072 1 566
3073 1 566
3074 1 566
3075 1 566
3076 1 566
3077 1 566
3078 1 566
3079 1 566
3080 1 566
3081 1 566
3082 1 566
3083 1 566
3084 1 566
3085 1 566
3086 1 566
3087 1 566
3088 1 566
3089 1 566
3090 1 566
3091 1 566
3092 1 566
3093 1 566
3094 1 566
3095 1 566
3096 1 566
3097 1 566
3098 1 566
3099 1 566
3100 1 566
3101 1 566
3102 1 566
3103 1 566
3104 1 566
3105 1 566
3106 1 566
3107 1 566
3108 1 566
3109 1 566
3110 1 566
3111 1 566
3112 1 566
3113 1 566
3114 1 566

Process finished with exit code -1
