13001153888
13001162066
13001283431
13002426161
13002738878
13003173236
13003198199
13003231764
13003341335
13003383907
13003515558
13003716900
13003719884
13003869373
13004137999
13004388725
13004725555
13005025378
13005565749
13005880000
13006562792
13006855558
13008163138
13008417665
13008847682
13011102593
13011336333
13011702766
13012342085
13013255037
13013650895
13013658161
13013935066
13014115559
13015001212
13015070978
13015600055
13015889907
13015909026
13015955768
13015972518
13016383119
13016570767
13016777777
13016956900
13017021678
13017089091
13017339366
13018506557
13018639754
13018940369
13019555759
13019727775
13020043395
13020377444
13020711521
13021561666
13022222099
13024212405
13025455233
13025772890
13026586669
13026799987
13027384747
13027553154
13028137313
13028821000
13029147825
13030027402
13030296666
13030753311
13030818557
13030834491
13030836302
13030836581
13031162539
13031755521
13031973216
13032105906
13032897097
13033050625
13033140587
13033627798
13034056388
13034516656
13034591229
13034660001
13035957899
13035960853
13037609797
13037629731
13037645649
13037682746
13037689153
13037696731
13037861882
13038277772
13039454007
13040503348
13042055254
13042142277
13043582907
13043773467
13044847555
13045515732
13045669928
13046256506
13047799997
13048496663
13049247332
13049247425
13051073829
13051273701
13051328183
13051382083
13052003986
13052116454
13052478088
13052819955
13053517658
13053761655
13053883031
13053990066
13054202855
13054617818
13055318667
13055406606
13058182555
13059352194
13059499703
13059511555
13059563793
13060692313
13061321399
13061516033
13061767698
13062140745
13062142107
13062145021
13062293691
13062669104
13062795426
13062857788
13065043824
13065601612
13066123788
13066971598
13067306789
13067529494
13067988518
13068846692
13070795915
13071130303
13071510263
13072010443
13072158652
13072181390
13072886275
13072994567
13073377405
13073985898
13074330161
13074342431
13075099911
13075833373
13075898838
13076512685
13077820767
13078195342
13078379995
13078769711
13078950958
13079636363
13080203080
13080324981
13081011383
13081457028
13082703732
13082888836
13084193151
13084391981
13085138197
13087123059
13091005065
13091390466
13091553980
13091555085
13091932713
13092120988
13093214658
13093523988
13094298834
13094352253
13094965382
13095212956
13095216576
13095216596
13095960136
13096656780
13097560806
13098500553
13098558889
13098781878
13099018885
13099484332
13099484375
13099484386
13099486582
13099502935
13101323951
13102237626
13103677206
13103705959
13103777755
13103779535
13103946056
13105271203
13105931893
13105980868
13106187327
13106861258
13107583697
13107697278
13107730127
13107968161
13107992288
13109390517
13109589021
13110515525
13110552620
13110661778
13111562959
13113212333
13113535333
13113755533
13113778352
13114107635
13114357832
13115089948
13115211385
13116018777
13116681819
13116787117
13116869969
13118919999
13119287687
13119330780
13119492360
13120505608
13121091095
13121522828
13122331589
13122640063
13123036888
13123292265
13125282215
13125673555
13126233139
13126528786
13128898040
13129781047
13129798653
13130218023
13130306246
13130416372
13130672387
13131191678
13131319972
13132097928
13133359994
13134673335
13134766220
13136015999
13136366158
13137075331
13137537968
13137791786
13138528017
13138898968
13139377132
13141315304
13143500336
13145297153
13145956634
13146418787
13146577857
13146671619
13151282156
13151383718
13151945338
13151951888
13153152210
13153589499
13155220361
13155390378
13155638563
13155767303
13155773202
13156167834
13156501525
13156631419
13157133988
13157187323
13157751306
13157914447
13158029333
13159399666
13161522555
13162105986
13163869515
13164970397
13166232289
13166576182
13167015188
13167278878
13168675927
13169225678
13169265599
13169391162
13169931472
13170012682
13170693526
13170729666
13171456888
13172602361
13172851819
13174055702
13174540508
13175096008
13177635666
13177733677
13178062013
13178130349
13178130506
13178598103
13179381111
13179828199
13179912632
13180117130
13180523666
13180949687
13181285988
13181932303
13181991902
13182730038
13182730703
13184752111
13185296231
13185708089
13187561099
13188402055
13188807342
13188826895
13188855966
13189478552
13190846757
13191009688
13191176916
13192170283
13192226666
13193662267
13193697307
13193698312
13194003570
13194138151
13194431672
13194437513
13194448666
13194766152
13195343362
13196869871
13196949353
13196956578
13199378896
13199785115
13199933921
13199992828
13201234716
13201276432
13202020222
13202198862
13202616863
13202643024
13202763172
13202763362
13202765068
13202771409
13202781045
13202781157
13204554545
13205171201
13205538111
13205833997
13208070756
13208599922
13208703363
13208917225
13208971290
13209042378
13209282656
13209818018
13210728777
13211057071
13211720888
13212018637
13212038585
13213375977
13213382253
13213733687
13215084777
13215252257
13215709459
13217082510
13218206996
13218555999
13219889255
13220036210
13220294253
13222077526
13222296091
13223141385
13223592233
13224861923
13225450205
13225509016
13226006086
13226437969
13227245867
13227530300
13227737999
13229376587
13230061110
13232654444
13233333026
13233540489
13234115555
13234906176
13235071301
13235426789
13235525643
13236623321
13237029999
13237601280
13238792264
13238872668
13240383739
13241659266
13242002094
13243874256
13243987912
13245988019
13247145921
13247512971
13249582201
13249876834
13250063333
13250281330
13251899199
13251971188
13253419992
13253480267
13256093877
13257366638
13257804518
13257808283
13257816238
13257909621
13258225965
13258269723
13259397666
13260009480
13260263456
13260910355
13261091796
13261115737
13261230080
13261327888
13261562936
13261864166
13262022273
13262033813
13262081773
13262558426
13262716641
13263477287
13264873316
13265557896
13265950828
13266331401
13267151884
13268140621
13268868318
13269439862
13270140249
13270162534
13271787111
13271793989
13271797769
13272922964
13272955777
13273770363
13274028471
13275705658
13275839897
13276292101
13276332900
13277495233
13277997400
13278831508
13278890556
13279079888
13280399888
13281238427
13281821888
13283222333
13283570324
13283916931
13284001111
13285092762
13285196298
13285733594
13285900888
13285911130
13285930813
13286410666
13286511512
13286527837
13286933917
13287173226
13287848818
13287874977
13288528388
13288577392
13288770109
13288868999
13291206766
13291562268
13295420907
13295632312
13295848888
13295919898
13295929658
13296711801
13297461533
13299112233
13301023158
13301092945
13301107009
13301234528
13301355650
13301372200
13301445296
13301512475
13301659598
13301711055
13301868515
13301891758
13301947832
13301965544
13302316188
13303184211
13303773251
13303776133
13303779680
13304260836
13304311319
13304455166
13304697377
13304734808
13304756367
13305309820
13305426227
13305578385
13306042444
13306150216
13306150496
13306168313
13306335477
13306476278
13306482181
13306497911
13306529177
13306606770
13306687271
13306857310
13306865789
13307038456
13307042636
13307125198
13307411590
13307453011
13308500581
13308521611
13308746388
13308766657
13309115716
13309901126
13310060761
13310520188
13310666330
13311121191
13311183412
13311184365
13311238638
13311263937
13311318628
13311397521
13311633283
13311652511
13311717616
13311737137
13311785870
13311952836
13311968957
13311972863
13311993008
13312068888
13312197176
13312308111
13312568666
13312837380
13312989666
13313282669
13313372345
13313438000
13313438762
13313484999
13313785060
13314282008
13314295555
13314318383
13314393987
13314406288
13314833988
13315174074
13315602266
13315632225
13315786157
13316313302
13316536333
13316618811
13316697393
13317009733
13317288919
13317433300
13319006111
13319128978
13319251110
13319589738
13320058666
13320086000
13320119290
13320233193
13320422192
13320499989
13320998009
13321189662
13321454446
13321555501
13321670325
13321906421
13322144986
13322408888
13322490263
13322885551
13322983698
13323231795
13323310999
13323368688
13323371866
13323697736
13323770715
13324423777
13324970585
13324970665
13325142665
13325268666
13325331000
13326466138
13327000110
13327001119
13327001500
13327043550
13327399562
13327698186
13327899278
13327977337
13328005178
13328130318
13328288893
13328839797
13328899200
13329062045
13330178222
13330375555
13330385555
13330555188
13331023335
13331077288
13331105522
13331219998
13331394419
13331733327
13331861268
13331865691
13331908818
13331932679
13332039681
13332045058
13332266180
13332538870
13332693367
13333262993
13333602588
13333606842
13333610658
13333621253
13333621358
13333626782
13333627117
13333634986
13333652321
13333657272
13333661511
13333671955
13333679335
13333683779
13333687344
13333697997
13333699370
13333820625
13335110587
13335217832
13335380056
13335763176
13336009712
13336077857
13336231121
13336262512
13336361655
13336605525
13336686196
13336855666
13337053999
13337182096
13337612119
13337719975
13337799380
13337828078
13337944448
13338479602
13338506830
13338517798
13338663800
13338691999
13338782787
13339111122
13339138666
13339189998
13339265101
13339331898
13339516558
13339724555
13339855363
13340064333
13340768999
13341030572
13341716686
13342019000
13342818628
13343299999
13343380808
13348323714
13348325084
13348832900
13349596969
13349797777
13350141717
13350205030
13350304848
13350373803
13350519810
13351982989
13352447365
13352815292
13353059976
13353171539
13353208888
13353672888
13354855551
13354926439
13355145505
13355187177
13355194111
13355280998
13355530718
13355562603
13355625688
13355718993
13355927257
13355942848
13356556885
13356695658
13356883617
13356925903
13357150778
13357330088
13357856261
13357922351
13357979226
13358135200
13358334999
13358388546
13358511121
13359240428
13359244592
13360235537
13360990099
13361202167
13361226677
13361810316
13361820223
13361878885
13362096688
13362278989
13363119463
13363373168
13363654347
13363709966
13363956699
13364095559
13364420241
13364906911
13365112999
13365309150
13365564254
13365764303
13365950019
13366089615
13366518503
13366600560
13366616799
13366703295
13366791806
13366866799
13366877111
13367194689
13367259719
13367419187
13367661668
13367705670
13367770565
13367909660
13367913346
13368125660
13368166077
13368211111
13368829507
13369442727
13369808177
13369812921
13369828609
13369957288
13370831818
13371076089
13371163736
13371808509
13371815878
13371860931
13371890937
13372737765
13373188588
13373579988
13373682499
13375057054
13375077179
13375196208
13375846280
13375898558
13375916113
13376577599
13376835760
13376932353
13376997875
13377033366
13377081517
13377534279
13377582753
13377582756
13377582757
13377586167
13378630886
13378636371
13378780044
13378792233
13379103515
13379378306
13379551777
13379805257
13379944615
13380339234
13380759808
13380785014
13380973368
13381132732
13381133344
13381201161
13381206509
13381206698
13381523678
13381770111
13382101776
13382149653
13382268698
13382537377
13382603288
13382761909
13382952985
13383149922
13383778281
13384335555
13384957610
13385051110
13385786050
13385995872
13386267395
13386281037
13386914976
13386924976
13387518383
13387898699
13387986658
13388001918
13388007766
13388171615
13388531333
13389027395
13389318058
13389717082
13390915331
13390990088
13391187990
13391191652
13391384646
13391815605
13392043632
13392363889
13392432789
13393277085
13393433173
13393799877
13393832053
13394891979
13395110769
13395131179
13395135887
13395222877
13395923069
13395942451
13396237899
13396568500
13397039750
13397270818
13397678780
13397724922
13397962788
13398141967
13398812084
13398889449
13398908887
13398936998
13399398090
13400666055
13400717297
13400767678
13400809477
13401081200
13401267656
13401496666
13402014976
13402133180
13402870862
13403117887
13403405880
13403776018
13404160200
13404201444
13404403492
13405109748
13405359930
13405548889
13405555724
13405759808
13406449988
13406873018
13406888759
13407278191
13408255577
13408540285
13409009099
13409246220
13409261567
13409268817
13410821272
13411098784
13411228884
13411782977
13412344949
13413058688
13413998630
13414106665
13414800456
13415092128
13416259332
13416661145
13416688687
13417118872
13417539370
13418016802
13418087888
13419628625
13419673900
13419907312
13419933011
13420373899
13420609488
13421060653
13421069849
13421145072
13422995353
13424036994
13424092761
13424390802
13425577878
13426226785
13426377787
13426474286
13426563711
13426569866
13426699684
13427128033
13427561393
13427948913
13428261545
13428310966
13429082386
13429220018
13429225833
13429397759
13429398079
13430618345
13430888809
13431139117
13431791774
13432023058
13432793074
13433330335
13433748577
13433872268
13434957444
13434978483
13435084733
13435277096
13435579849
13435580635
13435624418
13435883475
13438007721
13438882022
13438896214
13439056898
13439393451
13450149977
13450236994
13450361114
13450499024
13450841919
13450950558
13450993026
13451072302
13451634555
13451888885
13452016960
13452906403
13453021308
13454676699
13455267575
13455635036
13457243461
13457899578
13458095586
13458208107
13458316265
13458328571
13458442911
13459152508
13459310491
13459534241
13459542644
13459549169
13460163225
13460470717
13460674987
13461124777
13461314444
13461981445
13462240039
13462264682
13462531797
13462538171
13462565170
13462580228
13462615063
13462629026
13462638097
13462699227
13462896619
13463229749
13463636461
13464862810
13465708880
13466178874
13466260146
13466308059
13466505837
13466857999
13466960340
13467136469
13469826498
13470517882
13471027788
13472506997
13472873716
13472883784
13473624924
13475227066
13475343066
13477566663
13478852999
13478999919
13479842832
13480075052
13480183306
13480307067
13480344755
13480350533
13480611828
13482450134
13482532017
13482839724
13485160160
13485172598
13486652822
13486663333
13487279013
13488694285
13488698889
13488774155
13488878984
13488888524
13488959833
13489175036
13489433269
13489889905
13500164333
13500215777
13500218889
13500470871
13500591800
13500618761
13500745330
13500775598
13500801561
13500883893
13501102878
13501141102
13501141107
13501155566
13501167784
13501212925
13501227629
13501334127
13501353568
13501363250
13501385726
13501526907
13501582968
13501654803
13501687576
13501747997
13501789736
13501877333
13501884369
13501944681
13501979652
13502039578
13502218801
13502229499
13502610288
13502636689
13502686407
13502799666
13502872065
13502968911
13503044457
13503113592
13503249688
13503302268
13503305277
13503707166
13503731116
13503843476
13503875154
13503891922
13503902129
13504919855
13504963555
13505043330
13505124548
13505218050
13505242171
13505250588
13505338577
13505368069
13505588852
13505720029
13505748963
13505767666
13505814587
13506017975
13506096760
13506197778
13506637268
13506650653
13506670880
13506814989
13506965253
13507185038
13507215389
13507358818
13507458241
13507633420
13507667737
13507715058
13507761252
13507872999
13508001771
13508171488
13508673084
13508721623
13508761908
13508785552
13508790970
13508860080
13509005930
13509043788
13509327836
13509359039
13509373993
13509501155
13509531109
13509635237
13509638971
13509644343
13509699440
13509746337
13509893322
13510352103
13510451804
13510533571
13510682687
13510802688
13510803011
13510870224
13511182326
13511533248
13511641286
13511803778
13511982101
13512128897
13512208787
13512272635
13512293306
13512391036
13513149388
13513468060
13513595003
13513772011
13514051274
13514057788
13514074022
13514218818
13514287383
13514393005
13514416486
13514473282
13514801511
13515046189
13515060608
13515157183
13515295580
13515563307
13515688088
13515771068
13515968138
13516006556
13516136697
13516149130
13516181168
13516265562
13516688518
13516736068
13517085899
13517287508
13517333330
13517947911
13518090808
13518183077
13518700332
13518776706
13518898003
13519018655
13519145884
13519167212
13519403450
13519489490
13519990066
13520102518
13520520163
13520586708
13520636139
13520911998
13521090585
13521156932
13521162464
13521188200
13521219276
13521290111
13521381668
13521611681
13521643540
13521790777
13521872142
13522285858
13522308923
13522350887
13522353055
13522383889
13522517193
13522521179
13522537139
13522578468
13522590278
13522603918
13522610888
13522657986
13523105008
13523667939
13523675687
13523774956
13523953636
13523981050
13524133909
13524254588
13524604422
13524764469
13524869619
13524998116
13525108445
13525155381
13525160211
13525173246
13525185700
13525187930
13525191549
13525198442
13525454044
13525583389
13525666673
13525672723
13525828027
13526308161
13526655778
13526662799
13526733612
13527058152
13527106666
13527877871
13528120632
13528500077
13528895485
13528991936
13529058477
13529242056
13529266889
13529438528
13529537782
13530809558
13531288794
13531559245
13531560501
13531567601
13531577506
13531713606
13531748187
13531949010
13532730531
13532730958
13532800067
13533399690
13533877777
13533911697
13534441346
13534687910
13534696612
13534777191
13534942510
13534978039
13536448301
13536662671
13536736318
13536770793
13536996777
13537306189
13537422056
13537518007
13537691777
13537948917
13538059303
13538366235
13538452456
13538458619
13538690970
13538981939
13539278711
13539394301
13539718088
13540138009
13540424400
13541108987
13542305669
13542361117
13542807193
13542921021
13543182923
13543184131
13543733888
13544190959
13544667687
13544929900
13545118484
13545436789
13545519935
13546379105
13547252617
13548269876
13548668707
13548804666
13549566888
13549827111
13549903025
13550830123
13551034132
13552059950
13552342709
13552488277
13552531939
13553863784
13553867316
13554658196
13555100528
13555139391
13555898137
13556185888
13556196466
13556232844
13556503444
13556622382
13556718139
13556732511
13556775155
13557038828
13557216303
13557319321
13558688669
13558880878
13558969999
13559152438
13559192105
13559266839
13559561900
13559936776
13559949455
13560026755
13560083869
13560526565
13560590449
13561012253
13561436909
13561755318
13562052585
13562117518
13562789839
13563959812
13564551873
13564563004
13564720141
13564925399
13564946991
13565109604
13565431028
13565458116
13565643000
13565665633
13565700234
13566010018
13566120088
13566263789
13566315975
13566352599
13566356895
13566519009
13566599887
13566612616
13566965736
13567537777
13567664422
13567671806
13568240808
13568816948
13568884918
13569159518
13569217105
13569233480
13569251973
13569268858
13569288185
13569296217
13569308126
13570245398
13570325665
13570503396
13570585763
13570808802
13570811092
13570822755
13570901671
13570969051
13571331449
13571356652
13571669979
13571869807
13571968031
13573161946
13573663119
13573681156
13574268881
13574346628
13574353173
13574547166
13574658181
13574984709
13575082842
13575572616
13575688163
13575788591
13575903344
13575962001
13576200540
13576261838
13576894324
13576963218
13577020886
13577071440
13577130431
13577304686
13577440999
13577518572
13577762828
13577772176
13577780333
13577923777
13578032269
13578048099
13578218691
13579235043
13579661638
13579982166
13580056578
13580207066
13580257686
13580306160
13580426880
13580484974
13580522477
13580772119
13580901388
13580944488
13581501319
13581848691
13581907077
13581947448
13582142124
13582201213
13582474948
13582689788
13582998355
13583126976
13583184911
13583229270
13584189981
13584218195
13584228681
13584233007
13584360816
13584601755
13584850660
13585007400
13585202981
13585321238
13585366355
13585465666
13585485032
13585760630
13585994348
13586118407
13586635111
13586692260
13586766315
13587103368
13587132900
13587181698
13587554322
13587725912
13587815056
13588267179
13588308896
13588488880
13588588186
13588612888
13588661232
13588746463
13589092315
13589298277
13589308558
13589785666
13589880977
13590066111
13590078449
13590370799
13590388808
13590556928
13590583328
13590866746
13590883322
13590971116
13591319500
13591378262
13591796345
13592616868
13592696493
13592999001
13594892474
13595080972
13595186777
13595231924
13595422129
13595432208
13595483990
13595705444
13596117368
13596154266
13596199923
13597169025
13597708775
13598207622
13598219222
13598227578
13598235095
13598255759
13598281598
13598294119
13598477777
13598626555
13598781995
13599018790
19999124444
85296331868
